#[speed] = [m/s]; [mass] = [kg]
speedOfLight=299792458
joules=1.602E-19
proton_mass=1.67262178E-27
electron_mass=9.10938291E-31
helium_mass=6.6447E-27
lithium_mass=11.64656E-27
carbon_mass=19.938E-27
mega_prefix=10E5
kilo_prefix=10E2